연령대,액션/서부극(웨스턴),SF/무협/판타지/어드벤처,드라마,범죄/수사/추리/스릴러,로맨틱코미디/멜로/로맨스,사극/시대극,코미디,애니메이션,다큐멘터리,공포,기타,합계
0~18세 남성,0.393939,0.287879,0.060606,0.075758,0.045455,0.015152,0.060606,0.015152,0.0,0.015152,0.030303,1.0
19~23세 남성,0.370079,0.228346,0.102362,0.102362,0.110236,0.007874,0.031496,0.007874,0.0,0.031496,0.007874,1.0
24~29세 남성,0.33125,0.21875,0.1625,0.0875,0.1125,0.025,0.04375,0.00625,0.0,0.0,0.0125,1.0
30~34세 남성,0.373016,0.166667,0.15873,0.039683,0.111111,0.071429,0.047619,0.007937,0.007937,0.007937,0.007937,1.0
35~39세 남성,0.471698,0.198113,0.075472,0.018868,0.103774,0.028302,0.028302,0.028302,0.0,0.0,0.028302,1.0
40~49세 남성,0.421801,0.222749,0.085308,0.033175,0.099526,0.052133,0.037915,0.023697,0.0,0.004739,0.018957,1.0
50~90세 남성,0.361111,0.127778,0.111111,0.061111,0.094444,0.133333,0.022222,0.005556,0.061111,0.0,0.022222,1.0
0~18세 여성,0.0625,0.15625,0.1875,0.171875,0.265625,0.046875,0.015625,0.0625,0.0,0.015625,0.015625,1.0
19~23세 여성,0.175,0.208333,0.125,0.075,0.316667,0.008333,0.041667,0.008333,0.0,0.025,0.016667,1.0
24~29세 여성,0.23871,0.129032,0.109677,0.135484,0.296774,0.032258,0.019355,0.012903,0.0,0.019355,0.006452,1.0
30~34세 여성,0.191667,0.091667,0.191667,0.108333,0.25,0.033333,0.008333,0.1,0.0,0.016667,0.008333,1.0
35~39세 여성,0.096154,0.105769,0.259615,0.067308,0.201923,0.028846,0.038462,0.163462,0.009615,0.028846,0.0,1.0
40~49세 여성,0.221154,0.144231,0.254808,0.081731,0.163462,0.048077,0.028846,0.043269,0.004808,0.009615,0.0,1.0
50~90세 여성,0.148571,0.091429,0.245714,0.045714,0.28,0.068571,0.017143,0.005714,0.051429,0.017143,0.028571,1.0
